0.9508,0.1312,0.7768,1.0000,0.1312,0.7147,0.9508,0.1312,0.7768,1.0000,0.1312,0.7147,1.0000,1.0000,1.0000,1.0000,1.0000,1.0000
0.9394,0.8450,0.0994,0.7760,0.0994,0.6649,0.9451,0.4881,0.4381,0.8880,0.1153,0.6898,1.0000,1.0000,1.0000,1.0000,1.0000,1.0000
0.6168,0.3772,0.5756,0.3274,0.3274,0.4742,0.8357,0.4511,0.4839,0.7011,0.1860,0.6180,1.0000,1.0000,1.0000,1.0000,1.0000,1.0000
1.0000,0.7082,0.3192,0.6540,0.3192,0.6704,0.8768,0.5154,0.4427,0.6893,0.2193,0.6311,1.0000,1.0000,1.0000,1.0000,1.0000,1.0000
0.9508,0.1312,0.7768,1.0000,0.1312,0.7147,0.8916,0.4386,0.5096,0.7515,0.2017,0.6478,1.0000,1.0000,1.0000,1.0000,1.0000,1.0000
1.0000,0.9752,0.5302,1.0000,0.5302,0.8763,0.9096,0.5280,0.5130,0.7929,0.2564,0.6859,1.0000,1.0000,1.0000,1.0000,1.0000,1.0000
0.2914,0.6218,0.4628,0.9640,0.2914,0.5850,0.8213,0.5414,0.5058,0.8173,0.2614,0.6715,1.0000,1.0000,1.0000,1.0000,1.0000,1.0000
1.0000,0.9262,0.5654,1.0000,0.5654,0.8729,0.8437,0.5895,0.5133,0.8402,0.2994,0.6966,1.0000,1.0000,1.0000,1.0000,1.0000,1.0000
0.0174,1.0000,1.0000,0.9694,0.0174,0.7467,0.7518,0.6351,0.5674,0.8545,0.2681,0.7022,1.0000,1.0000,1.0000,1.0000,1.0000,1.0000
1.0000,0.9974,0.9922,1.0000,0.9922,0.9974,0.7767,0.6713,0.6098,0.8691,0.3405,0.7317,1.0000,1.0000,1.0000,1.0000,1.0000,1.0000
0.0032,1.0000,0.0000,1.0000,0.0000,0.5008,0.7063,0.7012,0.5544,0.8810,0.3095,0.7107,1.0000,1.0000,1.0000,1.0000,1.0000,1.0000
1.0000,0.9310,0.9996,0.5826,0.5826,0.8783,0.7308,0.7204,0.5915,0.8561,0.3323,0.7247,1.0000,1.0000,1.0000,1.0000,1.0000,1.0000
0.0000,1.0000,0.0000,0.9850,0.0000,0.4962,0.6746,0.7419,0.5460,0.8660,0.3067,0.7071,1.0000,1.0000,1.0000,1.0000,1.0000,1.0000
0.5136,1.0000,0.3064,1.0000,0.3064,0.7050,0.6631,0.7603,0.5289,0.8756,0.3067,0.7070,1.0000,1.0000,1.0000,1.0000,1.0000,1.0000
1.0000,0.7564,0.0000,0.9494,0.0000,0.6764,0.6856,0.7601,0.4936,0.8805,0.2863,0.7049,1.0000,1.0000,1.0000,1.0000,1.0000,1.0000
0.9892,0.1382,0.1010,1.0000,0.1010,0.5571,0.7045,0.7212,0.4691,0.8880,0.2747,0.6957,1.0000,1.0000,1.0000,1.0000,1.0000,1.0000
0.5576,0.9628,0.5376,0.9400,0.5376,0.7495,0.6959,0.7354,0.4731,0.8910,0.2902,0.6989,1.0000,1.0000,1.0000,1.0000,1.0000,1.0000
0.0042,1.0000,1.0000,0.9698,0.0042,0.7435,0.6575,0.7501,0.5024,0.8954,0.2743,0.7013,1.0000,1.0000,1.0000,1.0000,1.0000,1.0000
0.9864,0.9974,0.9740,0.2624,0.2624,0.8051,0.6748,0.7631,0.5272,0.8621,0.2736,0.7068,1.0000,1.0000,1.0000,1.0000,1.0000,1.0000
1.0000,0.0000,0.5998,0.8728,0.0000,0.6181,0.6910,0.7250,0.5308,0.8626,0.2600,0.7024,1.0000,1.0000,1.0000,1.0000,1.0000,1.0000
0.5958,1.0000,1.0000,0.8752,0.5958,0.8678,0.6865,0.7381,0.5532,0.8632,0.2760,0.7102,1.0000,1.0000,1.0000,1.0000,1.0000,1.0000
0.9928,1.0000,0.1350,1.0000,0.1350,0.7819,0.7004,0.7500,0.5342,0.8695,0.2695,0.7135,1.0000,1.0000,1.0000,1.0000,1.0000,1.0000
1.0000,0.8632,0.0000,0.9254,0.0000,0.6972,0.7135,0.7549,0.5109,0.8719,0.2578,0.7128,1.0000,1.0000,1.0000,1.0000,1.0000,1.0000
0.7876,0.5740,0.1390,0.6972,0.1390,0.5494,0.7165,0.7473,0.4954,0.8646,0.2529,0.7060,1.0000,1.0000,1.0000,1.0000,1.0000,1.0000
1.0000,0.9438,0.5020,1.0000,0.5020,0.8615,0.7279,0.7552,0.4957,0.8700,0.2628,0.7122,1.0000,1.0000,1.0000,1.0000,1.0000,1.0000
0.0042,1.0000,1.0000,0.9698,0.0042,0.7435,0.7000,0.7646,0.5151,0.8739,0.2529,0.7134,1.0000,1.0000,1.0000,1.0000,1.0000,1.0000
0.8708,0.9976,1.0000,1.0000,0.8708,0.9671,0.7064,0.7733,0.5331,0.8785,0.2758,0.7228,1.0000,1.0000,1.0000,1.0000,1.0000,1.0000
1.0000,0.7564,0.0000,0.9494,0.0000,0.6764,0.7169,0.7726,0.5140,0.8811,0.2659,0.7211,1.0000,1.0000,1.0000,1.0000,1.0000,1.0000
0.0704,0.4706,0.9836,0.9088,0.0704,0.6083,0.6946,0.7622,0.5302,0.8820,0.2592,0.7173,1.0000,1.0000,1.0000,1.0000,1.0000,1.0000
0.3084,0.6072,0.0902,0.6706,0.0902,0.4191,0.6817,0.7571,0.5156,0.8750,0.2536,0.7073,1.0000,1.0000,1.0000,1.0000,1.0000,1.0000
0.0994,0.9922,1.0000,0.1746,0.0994,0.5665,0.6629,0.7647,0.5312,0.8524,0.2486,0.7028,1.0000,1.0000,1.0000,1.0000,1.0000,1.0000
0.0216,0.5738,0.7464,0.6648,0.0216,0.5016,0.6429,0.7587,0.5379,0.8465,0.2415,0.6965,1.0000,1.0000,1.0000,1.0000,1.0000,1.0000
0.6708,0.4742,0.0986,0.9808,0.0986,0.5561,0.6437,0.7501,0.5246,0.8506,0.2372,0.6922,1.0000,1.0000,1.0000,1.0000,1.0000,1.0000
0.4600,0.8320,0.8798,0.9684,0.4600,0.7851,0.6383,0.7525,0.5350,0.8541,0.2437,0.6950,1.0000,1.0000,1.0000,1.0000,1.0000,1.0000
1.0000,0.9276,1.0000,0.9290,0.9276,0.9642,0.6486,0.7575,0.5483,0.8562,0.2633,0.7027,1.0000,1.0000,1.0000,1.0000,1.0000,1.0000
0.3084,0.6072,0.0902,0.6706,0.0902,0.4191,0.6392,0.7533,0.5356,0.8510,0.2584,0.6948,1.0000,1.0000,1.0000,1.0000,1.0000,1.0000
1.0000,0.9454,1.0000,0.9476,0.9454,0.9733,0.6489,0.7585,0.5482,0.8536,0.2770,0.7023,1.0000,1.0000,1.0000,1.0000,1.0000,1.0000
0.3084,0.6072,0.0902,0.6706,0.0902,0.4191,0.6400,0.7545,0.5361,0.8488,0.2721,0.6949,1.0000,1.0000,1.0000,1.0000,1.0000,1.0000
0.9914,0.9298,0.1362,0.9320,0.1362,0.7474,0.6490,0.7590,0.5258,0.8510,0.2686,0.6962,1.0000,1.0000,1.0000,1.0000,1.0000,1.0000
0.5372,0.4552,0.1626,0.5902,0.1626,0.4363,0.6462,0.7514,0.5168,0.8444,0.2660,0.6897,1.0000,1.0000,1.0000,1.0000,1.0000,1.0000
0.0000,1.0000,0.6062,0.8672,0.0000,0.6183,0.6304,0.7575,0.5189,0.8450,0.2595,0.6880,1.0000,1.0000,1.0000,1.0000,1.0000,1.0000
0.4062,0.8408,0.2190,1.0000,0.2190,0.6165,0.6251,0.7595,0.5118,0.8487,0.2585,0.6863,1.0000,1.0000,1.0000,1.0000,1.0000,1.0000
0.3992,1.0000,0.1840,0.9170,0.1840,0.6250,0.6198,0.7651,0.5042,0.8503,0.2568,0.6848,1.0000,1.0000,1.0000,1.0000,1.0000,1.0000
0.5514,1.0000,0.8528,1.0000,0.5514,0.8511,0.6183,0.7704,0.5121,0.8537,0.2635,0.6886,1.0000,1.0000,1.0000,1.0000,1.0000,1.0000
0.5038,0.9732,1.0000,1.0000,0.5038,0.8692,0.6157,0.7749,0.5229,0.8569,0.2688,0.6926,1.0000,1.0000,1.0000,1.0000,1.0000,1.0000
0.3084,0.6072,0.0902,0.6706,0.0902,0.4191,0.6091,0.7713,0.5135,0.8529,0.2649,0.6867,1.0000,1.0000,1.0000,1.0000,1.0000,1.0000
0.2176,0.9464,0.8152,1.0000,0.2176,0.7448,0.6007,0.7750,0.5200,0.8560,0.2639,0.6879,1.0000,1.0000,1.0000,1.0000,1.0000,1.0000
0.1172,0.9270,0.9568,0.9432,0.1172,0.7361,0.5907,0.7781,0.5291,0.8578,0.2609,0.6889,1.0000,1.0000,1.0000,1.0000,1.0000,1.0000
0.6174,0.9266,0.5512,0.9352,0.5512,0.7576,0.5912,0.7812,0.5295,0.8594,0.2668,0.6903,1.0000,1.0000,1.0000,1.0000,1.0000,1.0000
0.0062,0.8890,1.0000,0.9132,0.0062,0.7021,0.5795,0.7833,0.5389,0.8605,0.2616,0.6906,1.0000,1.0000,1.0000,1.0000,1.0000,1.0000
0.7794,1.0000,0.3958,1.0000,0.3958,0.7938,0.5834,0.7876,0.5361,0.8632,0.2642,0.6926,1.0000,1.0000,1.0000,1.0000,1.0000,1.0000
1.0000,0.7082,0.3192,0.6540,0.3192,0.6704,0.5914,0.7861,0.5319,0.8592,0.2653,0.6922,1.0000,1.0000,1.0000,1.0000,1.0000,1.0000
0.9938,1.0000,0.9994,1.0000,0.9938,0.9983,0.5990,0.7901,0.5408,0.8619,0.2790,0.6979,1.0000,1.0000,1.0000,1.0000,1.0000,1.0000
1.0000,0.7082,0.3192,0.6540,0.3192,0.6704,0.6065,0.7886,0.5367,0.8580,0.2798,0.6974,1.0000,1.0000,1.0000,1.0000,1.0000,1.0000
0.1980,0.0218,0.8746,1.0000,0.0218,0.5236,0.5990,0.7746,0.5428,0.8606,0.2751,0.6943,1.0000,1.0000,1.0000,1.0000,1.0000,1.0000
0.3696,0.6046,1.0000,0.6854,0.3696,0.6649,0.5949,0.7716,0.5510,0.8575,0.2768,0.6937,1.0000,1.0000,1.0000,1.0000,1.0000,1.0000
1.0000,0.9276,1.0000,0.9290,0.9276,0.9642,0.6020,0.7743,0.5588,0.8587,0.2882,0.6985,1.0000,1.0000,1.0000,1.0000,1.0000,1.0000
0.0342,0.8906,0.0686,0.9906,0.0342,0.4960,0.5922,0.7763,0.5504,0.8610,0.2838,0.6950,1.0000,1.0000,1.0000,1.0000,1.0000,1.0000
0.5136,1.0000,0.3064,1.0000,0.3064,0.7050,0.5909,0.7801,0.5463,0.8633,0.2842,0.6952,1.0000,1.0000,1.0000,1.0000,1.0000,1.0000
1.0000,0.8668,0.0000,0.9380,0.0000,0.7012,0.5977,0.7816,0.5372,0.8646,0.2794,0.6953,1.0000,1.0000,1.0000,1.0000,1.0000,1.0000
0.5374,1.0000,1.0000,0.9710,0.5374,0.8771,0.5967,0.7852,0.5447,0.8663,0.2837,0.6982,1.0000,1.0000,1.0000,1.0000,1.0000,1.0000
1.0000,0.7064,0.3400,0.6398,0.3400,0.6715,0.6032,0.7839,0.5414,0.8627,0.2846,0.6978,1.0000,1.0000,1.0000,1.0000,1.0000,1.0000
0.4036,0.5700,1.0000,0.6678,0.4036,0.6603,0.6001,0.7805,0.5487,0.8596,0.2865,0.6972,1.0000,1.0000,1.0000,1.0000,1.0000,1.0000
0.7604,0.8438,0.6020,0.8336,0.6020,0.7600,0.6026,0.7815,0.5496,0.8592,0.2914,0.6982,1.0000,1.0000,1.0000,1.0000,1.0000,1.0000
1.0000,1.0000,1.0000,1.0000,1.0000,1.0000,0.6087,0.7848,0.5565,0.8613,0.3023,0.7028,1.0000,1.0000,1.0000,1.0000,1.0000,1.0000
0.3084,0.6072,0.0902,0.6706,0.0902,0.4191,0.6041,0.7822,0.5494,0.8585,0.2991,0.6985,1.0000,1.0000,1.0000,1.0000,1.0000,1.0000
0.0000,1.0000,0.8994,1.0000,0.0000,0.7248,0.5951,0.7854,0.5546,0.8606,0.2946,0.6989,1.0000,1.0000,1.0000,1.0000,1.0000,1.0000
1.0000,0.7064,0.3400,0.6398,0.3400,0.6715,0.6011,0.7842,0.5515,0.8573,0.2953,0.6985,1.0000,1.0000,1.0000,1.0000,1.0000,1.0000
1.0000,1.0000,1.0000,1.0000,1.0000,1.0000,0.6069,0.7874,0.5580,0.8594,0.3055,0.7029,1.0000,1.0000,1.0000,1.0000,1.0000,1.0000
0.3084,0.6072,0.0902,0.6706,0.0902,0.4191,0.6026,0.7848,0.5513,0.8567,0.3024,0.6988,1.0000,1.0000,1.0000,1.0000,1.0000,1.0000
1.0000,0.9630,0.9886,0.2162,0.2162,0.7920,0.6082,0.7873,0.5575,0.8477,0.3012,0.7002,1.0000,1.0000,1.0000,1.0000,1.0000,1.0000
0.6934,0.0258,0.3614,1.0000,0.0258,0.5202,0.6094,0.7767,0.5547,0.8498,0.2974,0.6977,1.0000,1.0000,1.0000,1.0000,1.0000,1.0000
0.5536,0.9950,0.9954,0.9446,0.5536,0.8721,0.6086,0.7797,0.5608,0.8511,0.3009,0.7000,1.0000,1.0000,1.0000,1.0000,1.0000,1.0000
0.6102,0.8162,1.0000,1.0000,0.6102,0.8566,0.6086,0.7802,0.5667,0.8531,0.3051,0.7022,1.0000,1.0000,1.0000,1.0000,1.0000,1.0000
0.5428,1.0000,1.0000,0.9476,0.5428,0.8726,0.6078,0.7831,0.5725,0.8544,0.3082,0.7044,1.0000,1.0000,1.0000,1.0000,1.0000,1.0000
0.5140,0.6858,0.2164,0.8154,0.2164,0.5579,0.6065,0.7819,0.5678,0.8538,0.3070,0.7025,1.0000,1.0000,1.0000,1.0000,1.0000,1.0000
0.3992,1.0000,0.1840,0.9170,0.1840,0.6250,0.6038,0.7847,0.5628,0.8547,0.3054,0.7015,1.0000,1.0000,1.0000,1.0000,1.0000,1.0000
0.6520,0.7700,1.0000,0.9748,0.6520,0.8492,0.6045,0.7845,0.5684,0.8562,0.3099,0.7034,1.0000,1.0000,1.0000,1.0000,1.0000,1.0000
0.3992,1.0000,0.1840,0.9170,0.1840,0.6250,0.6019,0.7872,0.5636,0.8570,0.3083,0.7024,1.0000,1.0000,1.0000,1.0000,1.0000,1.0000
0.1860,0.9968,0.8924,0.5170,0.1860,0.6481,0.5967,0.7899,0.5677,0.8527,0.3068,0.7017,1.0000,1.0000,1.0000,1.0000,1.0000,1.0000
0.5536,0.9950,0.9954,0.9446,0.5536,0.8721,0.5961,0.7924,0.5729,0.8539,0.3098,0.7038,1.0000,1.0000,1.0000,1.0000,1.0000,1.0000
0.6934,0.0258,0.3614,1.0000,0.0258,0.5202,0.5973,0.7830,0.5704,0.8556,0.3063,0.7016,1.0000,1.0000,1.0000,1.0000,1.0000,1.0000
0.4036,0.5700,1.0000,0.6678,0.4036,0.6603,0.5950,0.7805,0.5755,0.8534,0.3075,0.7011,1.0000,1.0000,1.0000,1.0000,1.0000,1.0000
0.5216,1.0000,0.6104,1.0000,0.5216,0.7830,0.5941,0.7831,0.5760,0.8551,0.3101,0.7021,1.0000,1.0000,1.0000,1.0000,1.0000,1.0000
0.4036,0.5700,1.0000,0.6678,0.4036,0.6603,0.5919,0.7806,0.5809,0.8529,0.3112,0.7016,1.0000,1.0000,1.0000,1.0000,1.0000,1.0000
0.5216,1.0000,0.6104,1.0000,0.5216,0.7830,0.5910,0.7831,0.5813,0.8546,0.3136,0.7025,1.0000,1.0000,1.0000,1.0000,1.0000,1.0000
0.4032,0.2040,0.3452,0.5442,0.2040,0.3741,0.5889,0.7765,0.5786,0.8511,0.3124,0.6987,1.0000,1.0000,1.0000,1.0000,1.0000,1.0000
1.0000,0.9958,0.9882,1.0000,0.9882,0.9960,0.5936,0.7790,0.5832,0.8528,0.3200,0.7021,1.0000,1.0000,1.0000,1.0000,1.0000,1.0000
0.4036,0.5700,1.0000,0.6678,0.4036,0.6603,0.5914,0.7766,0.5879,0.8507,0.3210,0.7017,1.0000,1.0000,1.0000,1.0000,1.0000,1.0000
0.9970,0.9862,1.0000,1.0000,0.9862,0.9958,0.5959,0.7789,0.5925,0.8523,0.3284,0.7049,1.0000,1.0000,1.0000,1.0000,1.0000,1.0000
0.4972,0.1888,0.3028,0.6108,0.1888,0.3999,0.5948,0.7725,0.5893,0.8497,0.3268,0.7016,1.0000,1.0000,1.0000,1.0000,1.0000,1.0000
1.0000,1.0000,1.0000,1.0000,1.0000,1.0000,0.5992,0.7749,0.5938,0.8513,0.3341,0.7048,1.0000,1.0000,1.0000,1.0000,1.0000,1.0000
0.6596,0.6572,0.8268,0.9672,0.6572,0.7777,0.5999,0.7737,0.5963,0.8526,0.3376,0.7056,1.0000,1.0000,1.0000,1.0000,1.0000,1.0000
0.3992,1.0000,0.1840,0.9170,0.1840,0.6250,0.5978,0.7761,0.5919,0.8532,0.3360,0.7047,1.0000,1.0000,1.0000,1.0000,1.0000,1.0000
1.0000,1.0000,1.0000,1.0000,1.0000,1.0000,0.6020,0.7784,0.5962,0.8548,0.3430,0.7079,1.0000,1.0000,1.0000,1.0000,1.0000,1.0000
0.6218,1.0000,0.5392,0.9408,0.5392,0.7754,0.6022,0.7807,0.5956,0.8557,0.3450,0.7086,1.0000,1.0000,1.0000,1.0000,1.0000,1.0000
0.5458,1.0000,1.0000,0.9562,0.5458,0.8755,0.6016,0.7830,0.5998,0.8567,0.3471,0.7103,1.0000,1.0000,1.0000,1.0000,1.0000,1.0000
0.5910,0.9990,0.5784,0.9700,0.5784,0.7846,0.6015,0.7852,0.5995,0.8579,0.3495,0.7110,1.0000,1.0000,1.0000,1.0000,1.0000,1.0000
0.5458,1.0000,1.0000,0.9562,0.5458,0.8755,0.6010,0.7874,0.6036,0.8589,0.3514,0.7127,1.0000,1.0000,1.0000,1.0000,1.0000,1.0000
0.5216,1.0000,0.6104,1.0000,0.5216,0.7830,0.6002,0.7895,0.6037,0.8603,0.3531,0.7134,1.0000,1.0000,1.0000,1.0000,1.0000,1.0000
1.0000,0.9972,0.8716,0.0570,0.0570,0.7314,0.6041,0.7916,0.6063,0.8523,0.3502,0.7136,1.0000,1.0000,1.0000,1.0000,1.0000,1.0000
0.4770,0.0988,1.0000,0.9354,0.0988,0.6278,0.6029,0.7848,0.6102,0.8531,0.3477,0.7127,1.0000,1.0000,1.0000,1.0000,1.0000,1.0000
1.0000,0.9840,0.8630,1.0000,0.8630,0.9617,0.6067,0.7867,0.6126,0.8546,0.3527,0.7152,1.0000,1.0000,1.0000,1.0000,1.0000,1.0000
0.3084,0.6072,0.0902,0.6706,0.0902,0.4191,0.6039,0.7850,0.6076,0.8528,0.3502,0.7123,1.0000,1.0000,1.0000,1.0000,1.0000,1.0000
1.0000,1.0000,1.0000,1.0000,1.0000,1.0000,0.6076,0.7870,0.6113,0.8542,0.3564,0.7150,1.0000,1.0000,1.0000,1.0000,1.0000,1.0000
0.6798,0.7634,0.5848,0.8990,0.5848,0.7318,0.6083,0.7868,0.6111,0.8546,0.3586,0.7152,1.0000,1.0000,1.0000,1.0000,1.0000,1.0000
0.9590,0.1836,0.9906,0.8780,0.1836,0.7528,0.6116,0.7812,0.6146,0.8548,0.3569,0.7156,1.0000,1.0000,1.0000,1.0000,1.0000,1.0000
0.9686,1.0000,0.1406,1.0000,0.1406,0.7773,0.6149,0.7832,0.6102,0.8562,0.3549,0.7161,1.0000,1.0000,1.0000,1.0000,1.0000,1.0000
1.0000,0.9972,0.0040,1.0000,0.0040,0.7503,0.6184,0.7852,0.6047,0.8575,0.3517,0.7164,1.0000,1.0000,1.0000,1.0000,1.0000,1.0000
1.0000,1.0000,1.0000,1.0000,1.0000,1.0000,0.6219,0.7871,0.6083,0.8588,0.3576,0.7190,1.0000,1.0000,1.0000,1.0000,1.0000,1.0000
0.6798,0.7634,0.5848,0.8990,0.5848,0.7318,0.6224,0.7869,0.6081,0.8592,0.3596,0.7191,1.0000,1.0000,1.0000,1.0000,1.0000,1.0000
0.1462,0.3688,0.5392,0.9480,0.1462,0.5006,0.6182,0.7832,0.6075,0.8600,0.3577,0.7172,1.0000,1.0000,1.0000,1.0000,1.0000,1.0000
1.0000,1.0000,0.3992,0.9540,0.3992,0.8383,0.6215,0.7851,0.6056,0.8608,0.3581,0.7183,1.0000,1.0000,1.0000,1.0000,1.0000,1.0000
0.7902,0.9964,1.0000,0.2388,0.2388,0.7563,0.6230,0.7869,0.6091,0.8553,0.3571,0.7186,1.0000,1.0000,1.0000,1.0000,1.0000,1.0000
0.3992,1.0000,0.1840,0.9170,0.1840,0.6250,0.6211,0.7888,0.6054,0.8559,0.3556,0.7178,1.0000,1.0000,1.0000,1.0000,1.0000,1.0000
1.0000,0.9972,0.8716,0.0570,0.0570,0.7314,0.6243,0.7906,0.6077,0.8490,0.3530,0.7179,1.0000,1.0000,1.0000,1.0000,1.0000,1.0000
1.0000,0.0000,0.5998,0.8728,0.0000,0.6181,0.6276,0.7838,0.6076,0.8492,0.3500,0.7170,1.0000,1.0000,1.0000,1.0000,1.0000,1.0000
0.4910,0.9796,0.6456,0.9940,0.4910,0.7776,0.6264,0.7855,0.6079,0.8504,0.3512,0.7176,1.0000,1.0000,1.0000,1.0000,1.0000,1.0000
0.4914,0.5558,0.2810,1.0000,0.2810,0.5820,0.6253,0.7836,0.6052,0.8517,0.3506,0.7164,1.0000,1.0000,1.0000,1.0000,1.0000,1.0000
0.5458,1.0000,1.0000,0.9562,0.5458,0.8755,0.6246,0.7854,0.6085,0.8525,0.3522,0.7177,1.0000,1.0000,1.0000,1.0000,1.0000,1.0000
0.6328,1.0000,0.5418,1.0000,0.5418,0.7936,0.6247,0.7871,0.6079,0.8538,0.3538,0.7184,1.0000,1.0000,1.0000,1.0000,1.0000,1.0000
0.5458,1.0000,1.0000,0.9562,0.5458,0.8755,0.6240,0.7889,0.6111,0.8546,0.3553,0.7197,1.0000,1.0000,1.0000,1.0000,1.0000,1.0000
0.6328,1.0000,0.5418,1.0000,0.5418,0.7936,0.6241,0.7906,0.6106,0.8558,0.3569,0.7203,1.0000,1.0000,1.0000,1.0000,1.0000,1.0000
0.5458,1.0000,1.0000,0.9562,0.5458,0.8755,0.6235,0.7923,0.6137,0.8566,0.3584,0.7215,1.0000,1.0000,1.0000,1.0000,1.0000,1.0000
0.6328,1.0000,0.5418,1.0000,0.5418,0.7936,0.6235,0.7939,0.6131,0.8577,0.3598,0.7221,1.0000,1.0000,1.0000,1.0000,1.0000,1.0000
1.0000,0.9972,0.8716,0.0570,0.0570,0.7314,0.6265,0.7956,0.6152,0.8514,0.3574,0.7222,1.0000,1.0000,1.0000,1.0000,1.0000,1.0000
1.0000,0.0000,0.5998,0.8728,0.0000,0.6181,0.6295,0.7893,0.6151,0.8516,0.3546,0.7213,1.0000,1.0000,1.0000,1.0000,1.0000,1.0000
1.0000,1.0000,1.0000,1.0000,1.0000,1.0000,0.6324,0.7909,0.6181,0.8527,0.3597,0.7235,1.0000,1.0000,1.0000,1.0000,1.0000,1.0000
0.9820,0.9274,0.4394,0.9302,0.4394,0.8197,0.6351,0.7920,0.6167,0.8533,0.3603,0.7243,1.0000,1.0000,1.0000,1.0000,1.0000,1.0000
0.0318,1.0000,0.9726,1.0000,0.0318,0.7511,0.6304,0.7936,0.6194,0.8544,0.3578,0.7245,1.0000,1.0000,1.0000,1.0000,1.0000,1.0000
0.0336,1.0000,0.9270,1.0000,0.0336,0.7402,0.6259,0.7952,0.6218,0.8556,0.3553,0.7246,1.0000,1.0000,1.0000,1.0000,1.0000,1.0000
1.0000,1.0000,1.0000,1.0000,1.0000,1.0000,0.6287,0.7967,0.6246,0.8566,0.3602,0.7267,1.0000,1.0000,1.0000,1.0000,1.0000,1.0000
0.6474,0.7822,1.0000,1.0000,0.6474,0.8574,0.6288,0.7966,0.6275,0.8577,0.3623,0.7277,1.0000,1.0000,1.0000,1.0000,1.0000,1.0000
0.4852,1.0000,0.1616,0.8960,0.1616,0.6357,0.6278,0.7981,0.6240,0.8580,0.3608,0.7270,1.0000,1.0000,1.0000,1.0000,1.0000,1.0000
1.0000,0.9976,0.9942,1.0000,0.9942,0.9980,0.6305,0.7996,0.6267,0.8591,0.3655,0.7290,1.0000,1.0000,1.0000,1.0000,1.0000,1.0000
1.0000,0.0146,0.9864,0.9832,0.0146,0.7460,0.6333,0.7938,0.6294,0.8600,0.3629,0.7291,1.0000,1.0000,1.0000,1.0000,1.0000,1.0000
1.0000,1.0000,1.0000,1.0000,1.0000,1.0000,0.6359,0.7953,0.6321,0.8610,0.3676,0.7311,1.0000,1.0000,1.0000,1.0000,1.0000,1.0000
0.9820,0.9274,0.4394,0.9302,0.4394,0.8197,0.6384,0.7963,0.6307,0.8615,0.3681,0.7317,1.0000,1.0000,1.0000,1.0000,1.0000,1.0000
1.0000,1.0000,0.0000,1.0000,0.0000,0.7500,0.6410,0.7978,0.6261,0.8625,0.3655,0.7319,1.0000,1.0000,1.0000,1.0000,1.0000,1.0000
0.5536,0.9950,0.9954,0.9446,0.5536,0.8721,0.6404,0.7992,0.6288,0.8631,0.3668,0.7329,1.0000,1.0000,1.0000,1.0000,1.0000,1.0000
0.4664,0.5378,0.3646,0.9762,0.3646,0.5863,0.6392,0.7973,0.6269,0.8639,0.3668,0.7318,1.0000,1.0000,1.0000,1.0000,1.0000,1.0000
1.0000,0.9630,0.9886,0.2162,0.2162,0.7920,0.6417,0.7985,0.6294,0.8593,0.3657,0.7322,1.0000,1.0000,1.0000,1.0000,1.0000,1.0000
0.9876,0.9368,0.1242,0.9448,0.1242,0.7484,0.6441,0.7995,0.6259,0.8599,0.3640,0.7324,1.0000,1.0000,1.0000,1.0000,1.0000,1.0000
0.1774,1.0000,0.8706,0.9032,0.1774,0.7378,0.6409,0.8008,0.6276,0.8602,0.3627,0.7324,1.0000,1.0000,1.0000,1.0000,1.0000,1.0000
0.7376,0.9578,0.2848,1.0000,0.2848,0.7450,0.6416,0.8019,0.6253,0.8612,0.3622,0.7325,1.0000,1.0000,1.0000,1.0000,1.0000,1.0000
0.3078,1.0000,0.0000,0.0042,0.0000,0.3280,0.6393,0.8033,0.6210,0.8553,0.3597,0.7297,1.0000,1.0000,1.0000,1.0000,1.0000,1.0000
1.0000,0.7082,0.3192,0.6540,0.3192,0.6704,0.6417,0.8026,0.6189,0.8539,0.3595,0.7293,1.0000,1.0000,1.0000,1.0000,1.0000,1.0000
1.0000,0.9976,0.9942,1.0000,0.9942,0.9980,0.6442,0.8040,0.6215,0.8549,0.3637,0.7311,1.0000,1.0000,1.0000,1.0000,1.0000,1.0000
1.0000,0.0146,0.9864,0.9832,0.0146,0.7460,0.6465,0.7987,0.6239,0.8558,0.3614,0.7312,1.0000,1.0000,1.0000,1.0000,1.0000,1.0000
1.0000,1.0000,1.0000,1.0000,1.0000,1.0000,0.6489,0.8000,0.6264,0.8568,0.3657,0.7330,1.0000,1.0000,1.0000,1.0000,1.0000,1.0000
0.9820,0.9274,0.4394,0.9302,0.4394,0.8197,0.6511,0.8008,0.6252,0.8572,0.3661,0.7336,1.0000,1.0000,1.0000,1.0000,1.0000,1.0000
0.0318,1.0000,0.9726,1.0000,0.0318,0.7511,0.6470,0.8022,0.6275,0.8582,0.3639,0.7337,1.0000,1.0000,1.0000,1.0000,1.0000,1.0000
0.7376,0.9578,0.2848,1.0000,0.2848,0.7450,0.6476,0.8032,0.6252,0.8591,0.3634,0.7338,1.0000,1.0000,1.0000,1.0000,1.0000,1.0000
1.0000,0.0146,0.9864,0.9832,0.0146,0.7460,0.6499,0.7980,0.6276,0.8599,0.3612,0.7339,1.0000,1.0000,1.0000,1.0000,1.0000,1.0000
0.6546,1.0000,1.0000,1.0000,0.6546,0.9136,0.6499,0.7994,0.6300,0.8608,0.3631,0.7350,1.0000,1.0000,1.0000,1.0000,1.0000,1.0000
0.3468,0.5984,1.0000,0.6800,0.3468,0.6563,0.6480,0.7981,0.6323,0.8597,0.3630,0.7345,1.0000,1.0000,1.0000,1.0000,1.0000,1.0000
0.7152,1.0000,0.4864,1.0000,0.4864,0.8004,0.6484,0.7994,0.6314,0.8606,0.3637,0.7349,1.0000,1.0000,1.0000,1.0000,1.0000,1.0000
0.5586,0.9636,0.4834,1.0000,0.4834,0.7514,0.6479,0.8004,0.6305,0.8614,0.3645,0.7350,1.0000,1.0000,1.0000,1.0000,1.0000,1.0000
1.0000,0.1106,0.9474,0.8990,0.1106,0.7392,0.6501,0.7961,0.6325,0.8617,0.3629,0.7351,1.0000,1.0000,1.0000,1.0000,1.0000,1.0000
0.5550,1.0000,0.5594,1.0000,0.5550,0.7786,0.6495,0.7973,0.6320,0.8625,0.3641,0.7353,1.0000,1.0000,1.0000,1.0000,1.0000,1.0000
0.3876,0.5912,0.0084,0.6686,0.0084,0.4139,0.6478,0.7960,0.6281,0.8613,0.3619,0.7333,1.0000,1.0000,1.0000,1.0000,1.0000,1.0000
0.5422,1.0000,1.0000,0.9916,0.5422,0.8835,0.6472,0.7973,0.6304,0.8621,0.3630,0.7343,1.0000,1.0000,1.0000,1.0000,1.0000,1.0000
1.0000,1.0000,0.9956,0.9978,0.9956,0.9984,0.6494,0.7985,0.6327,0.8630,0.3669,0.7359,1.0000,1.0000,1.0000,1.0000,1.0000,1.0000
0.5422,1.0000,1.0000,0.9916,0.5422,0.8835,0.6487,0.7998,0.6349,0.8638,0.3680,0.7368,1.0000,1.0000,1.0000,1.0000,1.0000,1.0000
1.0000,1.0000,0.9956,0.9978,0.9956,0.9984,0.6508,0.8010,0.6371,0.8646,0.3718,0.7384,1.0000,1.0000,1.0000,1.0000,1.0000,1.0000
0.5422,1.0000,1.0000,0.9916,0.5422,0.8835,0.6502,0.8022,0.6393,0.8653,0.3728,0.7392,1.0000,1.0000,1.0000,1.0000,1.0000,1.0000
1.0000,1.0000,0.9956,0.9978,0.9956,0.9984,0.6523,0.8034,0.6414,0.8661,0.3765,0.7408,1.0000,1.0000,1.0000,1.0000,1.0000,1.0000
0.5422,1.0000,1.0000,0.9916,0.5422,0.8835,0.6516,0.8045,0.6435,0.8669,0.3775,0.7416,1.0000,1.0000,1.0000,1.0000,1.0000,1.0000
1.0000,1.0000,0.9956,0.9978,0.9956,0.9984,0.6537,0.8057,0.6456,0.8676,0.3812,0.7432,1.0000,1.0000,1.0000,1.0000,1.0000,1.0000
0.5422,1.0000,1.0000,0.9916,0.5422,0.8835,0.6530,0.8068,0.6477,0.8684,0.3821,0.7440,1.0000,1.0000,1.0000,1.0000,1.0000,1.0000
1.0000,1.0000,0.9956,0.9978,0.9956,0.9984,0.6551,0.8080,0.6498,0.8691,0.3857,0.7455,1.0000,1.0000,1.0000,1.0000,1.0000,1.0000
0.9952,1.0000,1.0000,0.9990,0.9952,0.9986,0.6570,0.8091,0.6518,0.8699,0.3892,0.7469,1.0000,1.0000,1.0000,1.0000,1.0000,1.0000
0.5620,1.0000,1.0000,1.0000,0.5620,0.8905,0.6565,0.8102,0.6538,0.8706,0.3902,0.7478,1.0000,1.0000,1.0000,1.0000,1.0000,1.0000
0.6834,0.9316,0.5928,0.8852,0.5928,0.7732,0.6566,0.8109,0.6534,0.8707,0.3914,0.7479,1.0000,1.0000,1.0000,1.0000,1.0000,1.0000
0.4444,1.0000,0.9288,1.0000,0.4444,0.8433,0.6554,0.8120,0.6550,0.8715,0.3917,0.7485,1.0000,1.0000,1.0000,1.0000,1.0000,1.0000
1.0000,1.0000,0.1528,0.9976,0.1528,0.7876,0.6574,0.8130,0.6522,0.8722,0.3903,0.7487,1.0000,1.0000,1.0000,1.0000,1.0000,1.0000
0.4172,1.0000,1.0000,0.9870,0.4172,0.8511,0.6560,0.8141,0.6541,0.8728,0.3905,0.7493,1.0000,1.0000,1.0000,1.0000,1.0000,1.0000
0.2218,1.0000,0.3830,0.8788,0.2218,0.6209,0.6536,0.8151,0.6526,0.8729,0.3895,0.7485,1.0000,1.0000,1.0000,1.0000,1.0000,1.0000
0.6560,0.7998,1.0000,1.0000,0.6560,0.8639,0.6536,0.8151,0.6546,0.8736,0.3910,0.7492,1.0000,1.0000,1.0000,1.0000,1.0000,1.0000
0.3992,1.0000,0.1840,0.9170,0.1840,0.6250,0.6522,0.8161,0.6519,0.8738,0.3899,0.7485,1.0000,1.0000,1.0000,1.0000,1.0000,1.0000
1.0000,1.0000,0.3992,0.9540,0.3992,0.8383,0.6541,0.8171,0.6505,0.8743,0.3899,0.7490,1.0000,1.0000,1.0000,1.0000,1.0000,1.0000
1.0000,1.0000,0.6070,0.8674,0.6070,0.8686,0.6560,0.8181,0.6503,0.8742,0.3911,0.7497,1.0000,1.0000,1.0000,1.0000,1.0000,1.0000
0.6546,1.0000,1.0000,1.0000,0.6546,0.9136,0.6560,0.8191,0.6522,0.8749,0.3926,0.7506,1.0000,1.0000,1.0000,1.0000,1.0000,1.0000
1.0000,1.0000,0.3992,0.9540,0.3992,0.8383,0.6579,0.8201,0.6508,0.8753,0.3926,0.7510,1.0000,1.0000,1.0000,1.0000,1.0000,1.0000
1.0000,1.0000,1.0000,1.0000,1.0000,1.0000,0.6597,0.8211,0.6527,0.8760,0.3959,0.7524,1.0000,1.0000,1.0000,1.0000,1.0000,1.0000
0.3992,1.0000,0.1840,0.9170,0.1840,0.6250,0.6583,0.8220,0.6502,0.8762,0.3947,0.7517,1.0000,1.0000,1.0000,1.0000,1.0000,1.0000
0.8690,0.9736,0.8012,0.9470,0.8012,0.8977,0.6594,0.8228,0.6510,0.8766,0.3969,0.7525,1.0000,1.0000,1.0000,1.0000,1.0000,1.0000
1.0000,0.0150,0.5896,0.8770,0.0150,0.6204,0.6613,0.8185,0.6507,0.8766,0.3949,0.7518,1.0000,1.0000,1.0000,1.0000,1.0000,1.0000
1.0000,0.9976,0.9942,1.0000,0.9942,0.9980,0.6631,0.8195,0.6525,0.8773,0.3981,0.7531,1.0000,1.0000,1.0000,1.0000,1.0000,1.0000
0.5576,0.9628,0.5376,0.9400,0.5376,0.7495,0.6625,0.8202,0.6519,0.8776,0.3988,0.7531,1.0000,1.0000,1.0000,1.0000,1.0000,1.0000
0.0654,1.0000,0.9570,1.0000,0.0654,0.7556,0.6594,0.8212,0.6535,0.8782,0.3971,0.7531,1.0000,1.0000,1.0000,1.0000,1.0000,1.0000
0.0068,0.9972,1.0000,0.3432,0.0068,0.5868,0.6560,0.8221,0.6553,0.8754,0.3950,0.7522,1.0000,1.0000,1.0000,1.0000,1.0000,1.0000
1.0000,0.3284,0.9514,1.0000,0.3284,0.8199,0.6578,0.8195,0.6568,0.8761,0.3947,0.7526,1.0000,1.0000,1.0000,1.0000,1.0000,1.0000
1.0000,0.9976,0.9942,1.0000,0.9942,0.9980,0.6595,0.8204,0.6586,0.8767,0.3978,0.7538,1.0000,1.0000,1.0000,1.0000,1.0000,1.0000
1.0000,0.7064,0.3400,0.6398,0.3400,0.6715,0.6613,0.8199,0.6569,0.8755,0.3975,0.7534,1.0000,1.0000,1.0000,1.0000,1.0000,1.0000
1.0000,0.9976,0.9942,1.0000,0.9942,0.9980,0.6630,0.8208,0.6587,0.8762,0.4005,0.7546,1.0000,1.0000,1.0000,1.0000,1.0000,1.0000
0.9536,0.0000,0.1190,1.0000,0.0000,0.5181,0.6645,0.8166,0.6559,0.8768,0.3985,0.7534,1.0000,1.0000,1.0000,1.0000,1.0000,1.0000
1.0000,0.7516,0.0000,0.9548,0.0000,0.6766,0.6662,0.8163,0.6526,0.8772,0.3965,0.7531,1.0000,1.0000,1.0000,1.0000,1.0000,1.0000
0.1598,0.9966,1.0000,0.9998,0.1598,0.7890,0.6636,0.8172,0.6544,0.8778,0.3953,0.7532,1.0000,1.0000,1.0000,1.0000,1.0000,1.0000
0.8700,0.0532,0.1644,1.0000,0.0532,0.5219,0.6646,0.8134,0.6519,0.8784,0.3936,0.7521,1.0000,1.0000,1.0000,1.0000,1.0000,1.0000
